1 0 77
21 0 66
24 0 75
25 0 59
26 0 29
70 0 56
73 0 49
74 0 66
79 0 35
80 0 53
101 0 75
102 0 99
127 0 52
130 0 42
142 0 43
151 0 81
153 0 75
154 0 46
166 0 85
170 0 5
173 0 73
270 0 91
278 0 61
292 0 49
317 0 11
320 0 7
2 1 33
20 1 99
21 1 79
24 1 7
26 1 93
70 1 55
74 1 24
79 1 19
80 1 13
101 1 52
102 1 74
108 1 13
127 1 17
130 1 60
142 1 65
148 1 43
150 1 59
151 1 68
152 1 84
154 1 53
166 1 48
170 1 58
194 1 98
221 1 33
270 1 15
278 1 23
317 1 75
320 1 27
3 2 85
6 2 33
7 2 56
27 2 36
31 2 11
35 2 14
36 2 28
37 2 17
41 2 38
46 2 46
47 2 29
65 2 89
75 2 20
84 2 94
91 2 6
93 2 79
96 2 10
100 2 100
106 2 89
120 2 78
126 2 84
194 2 93
6 3 93
7 3 43
15 3 61
16 3 7
27 3 65
28 3 36
30 3 85
31 3 35
35 3 72
36 3 17
37 3 90
41 3 7
46 3 79
47 3 4
64 3 34
65 3 95
75 3 41
84 3 32
85 3 76
90 3 29
91 3 51
93 3 69
96 3 86
100 3 81
106 3 30
107 3 38
114 3 22
115 3 7
116 3 21
120 3 14
126 3 84
129 3 13
175 3 56
205 3 44
247 3 72
5 4 31
11 4 56
12 4 7
17 4 3
18 4 25
19 4 48
35 4 9
42 4 3
44 4 3
83 4 95
88 4 98
89 4 95
103 4 26
104 4 25
105 4 76
111 4 28
112 4 93
124 4 13
133 4 60
138 4 22
149 4 50
166 4 33
196 4 81
210 4 70
215 4 47
216 4 16
221 4 35
225 4 54
226 4 59
227 4 58
228 4 26
229 4 42
242 4 13
248 4 84
251 4 44
254 4 37
258 4 31
261 4 4
286 4 92
297 4 86
302 4 50
305 4 89
312 4 80
12 5 75
17 5 13
19 5 55
88 5 54
89 5 57
103 5 68
104 5 66
111 5 30
112 5 69
124 5 98
133 5 62
137 5 91
138 5 96
177 5 77
196 5 25
197 5 50
198 5 88
202 5 82
215 5 27
216 5 29
217 5 46
218 5 10
221 5 72
225 5 35
228 5 92
229 5 27
248 5 26
250 5 77
258 5 77
261 5 66
297 5 57
305 5 3
320 5 30
7 6 57
16 6 86
27 6 82
31 6 74
32 6 67
35 6 51
36 6 71
40 6 29
41 6 41
46 6 67
47 6 5
65 6 17
69 6 68
75 6 92
84 6 50
91 6 94
93 6 20
96 6 95
100 6 55
106 6 43
107 6 29
114 6 46
115 6 70
121 6 6
126 6 23
129 6 46
27 7 100
28 7 100
35 7 45
36 7 8
37 7 37
40 7 27
41 7 81
46 7 4
47 7 29
60 7 4
64 7 32
65 7 21
69 7 22
75 7 88
84 7 37
90 7 89
91 7 32
93 7 38
96 7 34
100 7 51
106 7 32
107 7 88
113 7 46
114 7 13
115 7 33
126 7 67
140 7 18
204 7 7
209 7 64
257 7 89
9 8 82
10 8 71
11 8 77
19 8 60
22 8 51
24 8 80
57 8 40
59 8 6
70 8 63
71 8 60
74 8 27
82 8 50
83 8 48
98 8 15
105 8 81
111 8 85
112 8 100
121 8 84
125 8 68
127 8 87
132 8 81
133 8 80
135 8 72
140 8 47
141 8 50
143 8 78
144 8 62
149 8 90
165 8 67
171 8 24
175 8 29
177 8 100
186 8 46
201 8 5
204 8 11
218 8 49
225 8 36
227 8 50
234 8 54
238 8 98
239 8 9
242 8 81
248 8 100
257 8 56
258 8 47
264 8 32
267 8 92
268 8 47
271 8 67
272 8 59
275 8 85
276 8 99
279 8 39
280 8 8
284 8 97
286 8 40
287 8 38
290 8 58
291 8 29
292 8 4
298 8 82
299 8 9
300 8 55
302 8 79
304 8 66
306 8 17
312 8 27
315 8 1
320 8 66
10 9 81
36 9 51
69 9 26
132 9 13
140 9 2
143 9 81
144 9 59
149 9 85
171 9 24
204 9 57
216 9 52
234 9 82
248 9 42
264 9 2
267 9 20
271 9 49
275 9 99
279 9 11
280 9 86
284 9 56
291 9 39
292 9 41
302 9 89
304 9 100
312 9 47
315 9 68
11 10 63
22 10 46
35 10 65
36 10 28
37 10 26
50 10 67
59 10 5
60 10 90
66 10 68
69 10 37
73 10 1
111 10 53
112 10 60
117 10 57
121 10 56
132 10 42
135 10 50
140 10 9
141 10 13
143 10 51
144 10 7
149 10 24
160 10 88
165 10 15
171 10 14
177 10 81
195 10 3
201 10 13
204 10 27
207 10 22
213 10 77
217 10 42
218 10 68
234 10 94
238 10 21
248 10 45
257 10 60
264 10 26
267 10 35
268 10 80
271 10 62
275 10 35
279 10 84
280 10 22
282 10 43
284 10 91
286 10 15
287 10 93
290 10 99
291 10 27
292 10 43
298 10 6
299 10 50
302 10 82
304 10 20
305 10 16
312 10 62
315 10 74
320 10 28
321 10 89
12 11 82
17 11 15
18 11 2
19 11 2
45 11 59
59 11 13
88 11 27
89 11 45
103 11 92
104 11 89
105 11 31
111 11 75
112 11 62
133 11 74
142 11 65
149 11 76
196 11 18
201 11 64
211 11 2
215 11 12
216 11 21
217 11 4
218 11 93
221 11 92
223 11 71
228 11 7
229 11 65
242 11 50
248 11 47
249 11 60
250 11 58
258 11 28
261 11 74
294 11 59
312 11 29
17 12 81
19 12 63
34 12 96
43 12 12
44 12 90
46 12 9
54 12 37
77 12 6
87 12 84
88 12 6
90 12 21
91 12 37
93 12 17
102 12 93
103 12 92
104 12 61
105 12 84
106 12 14
107 12 67
111 12 49
112 12 64
115 12 13
116 12 60
133 12 21
194 12 40
196 12 86
213 12 80
215 12 21
216 12 70
217 12 3
218 12 76
221 12 2
225 12 17
227 12 23
228 12 13
229 12 6
242 12 31
248 12 1
249 12 64
258 12 66
261 12 58
292 12 36
295 12 54
297 12 26
305 12 29
14 13 11
42 13 5
55 13 60
82 13 74
86 13 70
122 13 20
123 13 95
126 13 61
134 13 5
174 13 26
185 13 81
224 13 26
231 13 28
240 13 8
244 13 27
257 13 44
265 13 30
266 13 92
276 13 2
311 13 12
42 14 44
55 14 65
57 14 29
77 14 2
82 14 52
86 14 83
93 14 27
121 14 80
122 14 80
123 14 13
134 14 92
224 14 42
227 14 70
231 14 51
237 14 16
238 14 39
246 14 22
260 14 62
263 14 51
265 14 26
266 14 39
276 14 32
283 14 3
285 14 18
311 14 39
16 15 61
28 15 21
31 15 73
32 15 14
35 15 84
46 15 16
60 15 30
63 15 13
64 15 17
65 15 82
69 15 47
75 15 44
77 15 61
85 15 78
106 15 8
107 15 52
113 15 19
114 15 77
115 15 55
116 15 34
120 15 67
126 15 76
137 15 47
144 15 18
165 15 54
213 15 85
219 15 1
231 15 56
237 15 2
17 16 37
28 16 15
30 16 63
31 16 9
32 16 80
35 16 47
36 16 25
37 16 10
40 16 11
41 16 93
46 16 91
47 16 9
54 16 36
60 16 3
63 16 86
64 16 44
65 16 7
69 16 4
75 16 72
78 16 61
81 16 90
83 16 91
84 16 88
85 16 36
90 16 60
91 16 93
96 16 73
97 16 12
100 16 1
106 16 26
107 16 2
110 16 37
111 16 40
113 16 17
114 16 98
115 16 20
116 16 63
120 16 74
121 16 81
126 16 25
129 16 66
137 16 23
138 16 33
165 16 2
174 16 25
175 16 70
176 16 97
177 16 31
180 16 73
183 16 20
191 16 43
197 16 14
198 16 62
219 16 83
221 16 2
224 16 21
230 16 75
234 16 74
235 16 32
236 16 75
261 16 51
285 16 86
298 16 64
299 16 91
18 17 16
19 17 86
23 17 42
43 17 40
44 17 51
45 17 16
54 17 24
59 17 4
71 17 40
83 17 93
86 17 100
88 17 23
89 17 17
102 17 72
103 17 17
104 17 83
105 17 33
111 17 99
112 17 84
133 17 54
138 17 26
146 17 9
149 17 37
155 17 52
197 17 59
204 17 22
210 17 15
211 17 1
215 17 75
216 17 79
217 17 62
218 17 90
221 17 64
223 17 55
225 17 81
227 17 15
228 17 70
229 17 56
242 17 70
243 17 62
245 17 48
248 17 22
250 17 36
257 17 17
258 17 93
261 17 52
285 17 99
287 17 25
292 17 3
294 17 82
295 17 30
297 17 28
298 17 42
299 17 19
302 17 79
305 17 100
19 18 14
88 18 56
89 18 88
103 18 21
105 18 89
111 18 54
112 18 42
133 18 44
196 18 75
211 18 3
223 18 44
228 18 96
242 18 90
248 18 12
258 18 88
261 18 42
280 18 10
295 18 65
297 18 96
44 19 84
45 19 64
59 19 53
77 19 83
88 19 8
89 19 50
103 19 35
104 19 74
105 19 74
112 19 49
133 19 81
149 19 13
196 19 21
206 19 69
210 19 18
211 19 62
215 19 65
216 19 92
217 19 17
218 19 8
223 19 40
225 19 6
227 19 19
229 19 27
238 19 99
242 19 80
248 19 43
250 19 46
258 19 22
261 19 89
292 19 68
297 19 57
21 20 47
24 20 78
26 20 69
38 20 11
39 20 98
48 20 37
49 20 80
68 20 59
70 20 53
71 20 24
73 20 27
74 20 12
79 20 63
80 20 85
92 20 30
93 20 41
94 20 83
95 20 61
101 20 84
102 20 29
108 20 34
127 20 24
130 20 48
148 20 42
151 20 27
152 20 72
153 20 33
154 20 90
158 20 46
166 20 10
168 20 77
176 20 44
186 20 87
242 20 45
270 20 55
278 20 36
317 20 34
322 20 86
24 21 86
25 21 9
26 21 73
38 21 98
39 21 23
48 21 57
50 21 79
51 21 64
70 21 91
71 21 92
72 21 47
73 21 71
74 21 25
79 21 70
80 21 71
92 21 67
94 21 48
98 21 42
101 21 51
102 21 89
108 21 39
121 21 60
127 21 66
130 21 83
140 21 98
148 21 10
150 21 89
151 21 33
152 21 95
153 21 74
154 21 30
157 21 81
158 21 35
163 21 2
166 21 30
168 21 9
170 21 10
172 21 60
186 21 72
193 21 1
195 21 51
270 21 70
273 21 23
278 21 76
303 21 91
317 21 93
320 21 94
322 21 39
23 22 25
50 22 3
59 22 44
66 22 59
67 22 52
74 22 6
94 22 47
106 22 36
111 22 52
118 22 73
119 22 65
125 22 32
145 22 59
155 22 19
156 22 13
157 22 67
161 22 28
168 22 73
175 22 91
176 22 80
187 22 23
230 22 60
234 22 3
274 22 98
282 22 51
313 22 47
318 22 43
42 23 86
50 23 19
51 23 62
59 23 40
67 23 15
71 23 20
95 23 91
117 23 72
118 23 19
145 23 78
154 23 23
155 23 43
161 23 43
167 23 7
168 23 53
172 23 61
251 23 19
274 23 71
282 23 40
313 23 91
318 23 61
326 23 20
25 24 74
26 24 15
39 24 23
58 24 20
70 24 58
73 24 63
74 24 5
80 24 43
92 24 81
98 24 66
99 24 83
101 24 47
102 24 37
108 24 25
127 24 18
130 24 55
142 24 3
148 24 41
151 24 49
152 24 97
154 24 99
158 24 1
166 24 9
168 24 17
173 24 72
187 24 100
270 24 60
278 24 32
287 24 19
317 24 25
320 24 4
322 24 44
32 25 20
38 25 91
67 25 21
70 25 37
71 25 25
73 25 67
74 25 25
79 25 49
80 25 37
92 25 80
101 25 3
108 25 29
127 25 80
130 25 51
148 25 27
150 25 81
151 25 59
152 25 95
154 25 52
156 25 59
166 25 54
222 25 35
270 25 29
278 25 30
320 25 91
322 25 73
38 26 68
39 26 56
52 26 59
53 26 58
66 26 28
67 26 47
70 26 82
71 26 94
73 26 71
74 26 83
79 26 82
80 26 2
101 26 37
102 26 10
108 26 82
124 26 88
127 26 36
148 26 62
150 26 98
151 26 83
152 26 65
153 26 8
154 26 36
157 26 51
166 26 37
179 26 18
188 26 41
230 26 61
241 26 38
258 26 9
270 26 100
274 26 5
278 26 64
317 26 58
320 26 15
322 26 91
28 27 70
31 27 76
32 27 19
35 27 79
36 27 57
37 27 6
40 27 67
41 27 70
46 27 3
47 27 49
60 27 86
63 27 63
64 27 84
65 27 36
75 27 99
84 27 1
85 27 29
90 27 11
91 27 90
93 27 37
100 27 10
106 27 95
107 27 52
113 27 19
114 27 9
115 27 94
116 27 22
120 27 8
126 27 29
128 27 47
129 27 90
178 27 98
209 27 22
220 27 8
224 27 29
236 27 30
301 27 13
31 28 36
32 28 29
35 28 78
36 28 24
40 28 79
57 28 31
60 28 52
63 28 41
64 28 20
65 28 88
75 28 2
81 28 66
84 28 39
85 28 20
90 28 26
91 28 32
93 28 93
100 28 34
110 28 12
113 28 40
114 28 23
116 28 62
120 28 13
126 28 82
147 28 90
183 28 95
219 28 94
236 28 36
251 28 45
276 28 12
311 28 30
30 29 89
56 29 7
57 29 64
76 29 61
77 29 46
78 29 65
81 29 26
82 29 36
83 29 37
97 29 4
121 29 19
126 29 29
131 29 37
137 29 30
138 29 68
160 29 11
162 29 43
174 29 81
175 29 92
177 29 84
178 29 27
180 29 37
181 29 71
185 29 71
190 29 100
192 29 100
197 29 55
208 29 92
219 29 7
220 29 10
232 29 15
235 29 47
276 29 68
308 29 30
57 30 7
76 30 65
77 30 46
78 30 33
93 30 100
102 30 82
106 30 36
107 30 18
115 30 11
131 30 24
137 30 100
160 30 30
162 30 86
174 30 94
175 30 62
177 30 29
178 30 30
180 30 88
181 30 65
185 30 100
190 30 11
191 30 64
192 30 100
205 30 65
208 30 8
209 30 58
220 30 27
223 30 74
225 30 4
232 30 94
238 30 3
265 30 63
301 30 59
305 30 100
308 30 47
32 31 80
35 31 96
36 31 57
37 31 31
41 31 25
47 31 94
50 31 76
55 31 87
57 31 22
60 31 5
63 31 26
64 31 86
69 31 5
74 31 36
75 31 1
84 31 56
85 31 53
90 31 8
91 31 13
92 31 79
93 31 33
100 31 68
106 31 72
107 31 87
113 31 30
114 31 82
115 31 87
116 31 76
120 31 44
129 31 20
160 31 9
190 31 75
206 31 15
208 31 17
210 31 5
228 31 91
231 31 10
287 31 80
36 32 21
37 32 48
40 32 94
47 32 80
60 32 12
63 32 24
64 32 13
69 32 79
75 32 48
84 32 99
85 32 61
93 32 29
100 32 37
106 32 88
107 32 24
113 32 8
114 32 49
115 32 98
116 32 74
120 32 17
121 32 54
126 32 65
129 32 27
225 32 86
231 32 93
34 33 61
48 33 38
202 33 32
206 33 72
207 33 62
222 33 96
226 33 2
241 33 9
249 33 47
252 33 14
253 33 89
255 33 83
262 33 2
281 33 13
310 33 91
89 34 2
133 34 62
143 34 16
145 34 18
146 34 68
147 34 80
202 34 96
203 34 53
206 34 25
212 34 57
213 34 74
214 34 23
226 34 37
242 34 87
243 34 67
247 34 89
248 34 99
249 34 5
250 34 20
252 34 22
253 34 66
254 34 16
255 34 23
262 34 74
280 34 62
281 34 37
284 34 14
293 34 96
295 34 90
296 34 26
309 34 86
310 34 91
325 34 40
36 35 7
37 35 33
40 35 4
41 35 59
47 35 9
54 35 12
60 35 84
63 35 84
64 35 48
65 35 22
69 35 50
71 35 36
75 35 20
77 35 54
84 35 55
85 35 41
86 35 71
90 35 22
91 35 15
93 35 44
100 35 83
106 35 3
107 35 58
113 35 79
114 35 92
115 35 35
116 35 16
120 35 82
124 35 26
126 35 69
129 35 42
138 35 84
144 35 54
153 35 97
160 35 42
166 35 62
178 35 8
180 35 77
190 35 45
206 35 7
209 35 98
219 35 95
230 35 42
232 35 69
253 35 100
255 35 48
264 35 61
289 35 71
37 36 87
40 36 22
46 36 96
55 36 71
57 36 75
59 36 44
63 36 64
64 36 89
65 36 3
69 36 41
75 36 33
76 36 9
82 36 90
83 36 79
84 36 50
87 36 11
91 36 79
93 36 50
106 36 71
107 36 1
113 36 71
115 36 98
120 36 66
121 36 74
125 36 28
126 36 41
129 36 8
132 36 49
134 36 54
147 36 61
160 36 3
174 36 40
177 36 82
185 36 51
190 36 62
238 36 57
280 36 46
41 37 40
47 37 38
60 37 30
63 37 89
64 37 55
65 37 3
69 37 16
71 37 95
76 37 62
77 37 64
84 37 48
85 37 22
90 37 19
93 37 40
96 37 56
100 37 69
106 37 53
107 37 12
113 37 66
114 37 30
115 37 8
116 37 14
120 37 99
121 37 88
126 37 23
129 37 58
153 37 47
160 37 81
170 37 78
173 37 84
178 37 40
180 37 69
209 37 73
232 37 69
255 37 58
285 37 28
286 37 23
39 38 17
70 38 28
71 38 92
74 38 47
92 38 35
108 38 6
127 38 45
130 38 23
142 38 80
151 38 54
153 38 21
154 38 60
166 38 32
210 38 5
213 38 51
232 38 100
268 38 29
270 38 71
278 38 57
320 38 56
48 39 70
70 39 55
71 39 91
73 39 28
92 39 19
108 39 55
142 39 54
153 39 35
162 39 83
166 39 97
213 39 33
320 39 69
41 40 64
46 40 44
47 40 14
60 40 20
63 40 46
64 40 14
65 40 48
69 40 16
75 40 22
84 40 4
85 40 61
90 40 55
91 40 37
93 40 93
96 40 24
100 40 91
106 40 83
107 40 3
113 40 61
114 40 90
115 40 8
116 40 47
120 40 24
126 40 5
128 40 80
178 40 92
180 40 58
302 40 61
315 40 35
46 41 68
47 41 99
60 41 95
75 41 71
84 41 11
85 41 50
90 41 59
91 41 4
96 41 25
100 41 49
106 41 38
107 41 28
120 41 61
126 41 27
128 41 35
129 41 8
134 41 50
178 41 39
237 41 39
296 41 94
55 42 22
77 42 16
81 42 14
82 42 69
93 42 39
100 42 24
107 42 18
117 42 97
122 42 79
123 42 42
131 42 98
134 42 17
162 42 21
170 42 58
185 42 95
212 42 56
224 42 65
227 42 97
231 42 46
244 42 3
246 42 90
260 42 46
263 42 53
265 42 69
266 42 88
276 42 94
283 42 97
309 42 20
311 42 94
44 43 95
45 43 36
88 43 50
89 43 71
103 43 53
133 43 47
211 43 49
217 43 46
218 43 96
223 43 17
227 43 67
228 43 53
242 43 12
258 43 74
294 43 18
297 43 8
45 44 97
59 44 17
88 44 77
89 44 65
92 44 56
104 44 22
111 44 13
133 44 75
138 44 15
144 44 9
158 44 57
165 44 82
210 44 72
211 44 3
215 44 17
218 44 22
221 44 73
223 44 21
228 44 20
242 44 22
248 44 19
250 44 15
258 44 90
261 44 37
270 44 19
294 44 1
297 44 10
305 44 88
88 45 88
89 45 72
111 45 4
133 45 9
146 45 84
210 45 78
211 45 75
217 45 44
227 45 86
228 45 9
248 45 68
252 45 89
294 45 77
297 45 89
47 46 26
60 46 24
63 46 4
65 46 96
69 46 76
70 46 13
71 46 84
75 46 36
79 46 44
84 46 95
87 46 91
90 46 92
91 46 82
93 46 63
96 46 95
100 46 42
106 46 98
107 46 72
110 46 68
113 46 94
114 46 58
116 46 76
120 46 61
128 46 46
166 46 53
236 46 1
237 46 58
301 46 2
60 47 31
65 47 61
69 47 72
75 47 22
84 47 94
90 47 86
91 47 16
93 47 87
96 47 35
100 47 88
103 47 55
106 47 28
107 47 97
113 47 30
114 47 40
116 47 42
120 47 34
126 47 40
129 47 51
162 47 87
49 48 13
50 48 21
53 48 99
58 48 98
59 48 37
61 48 86
62 48 33
64 48 76
68 48 40
71 48 12
72 48 72
74 48 21
79 48 52
94 48 65
97 48 55
99 48 91
116 48 67
117 48 93
124 48 46
125 48 13
127 48 100
132 48 36
147 48 76
157 48 29
162 48 10
163 48 37
166 48 98
167 48 3
168 48 79
169 48 97
170 48 56
172 48 91
173 48 17
176 48 6
179 48 41
182 48 53
183 48 91
184 48 25
186 48 28
187 48 82
188 48 36
189 48 51
193 48 3
194 48 87
195 48 15
200 48 9
201 48 30
202 48 82
204 48 1
206 48 75
213 48 94
222 48 52
230 48 10
243 48 21
255 48 33
259 48 72
262 48 10
266 48 30
270 48 74
295 48 88
301 48 26
303 48 81
311 48 30
316 48 42
319 48 86
58 49 74
59 49 62
71 49 82
72 49 77
97 49 16
117 49 20
169 49 91
183 49 24
186 49 1
195 49 24
202 49 77
212 49 27
230 49 69
270 49 80
51 50 12
52 50 60
58 50 51
59 50 41
62 50 85
66 50 90
67 50 18
71 50 17
72 50 71
74 50 60
90 50 54
92 50 93
94 50 6
95 50 82
99 50 90
102 50 31
118 50 96
119 50 23
124 50 7
125 50 11
130 50 43
140 50 50
145 50 35
146 50 95
155 50 25
156 50 63
157 50 22
158 50 94
159 50 42
161 50 62
164 50 87
167 50 6
168 50 73
169 50 89
170 50 46
172 50 57
176 50 30
179 50 64
182 50 25
183 50 100
186 50 75
189 50 78
195 50 44
200 50 32
214 50 12
230 50 34
244 50 62
246 50 7
259 50 56
261 50 21
262 50 17
269 50 50
274 50 22
280 50 3
282 50 45
284 50 46
302 50 17
313 50 18
316 50 91
319 50 59
326 50 79
61 51 46
66 51 76
68 51 83
92 51 98
94 51 2
102 51 12
107 51 41
118 51 33
119 51 23
155 51 26
156 51 47
157 51 81
158 51 34
167 51 67
168 51 98
173 51 83
183 51 88
195 51 100
200 51 79
230 51 85
249 51 17
269 51 48
270 51 76
313 51 27
53 52 80
58 52 21
59 52 54
61 52 38
62 52 18
64 52 82
74 52 72
99 52 15
108 52 83
117 52 84
124 52 8
125 52 68
147 52 58
169 52 85
170 52 14
173 52 39
179 52 18
182 52 80
184 52 36
186 52 53
188 52 19
193 52 87
195 52 83
200 52 3
204 52 55
230 52 31
241 52 30
249 52 33
264 52 60
274 52 34
302 52 26
59 53 80
61 53 29
66 53 75
72 53 13
73 53 53
74 53 42
108 53 95
124 53 36
125 53 49
173 53 62
176 53 45
179 53 85
182 53 27
184 53 83
186 53 3
230 53 58
258 53 70
274 53 7
55 54 31
59 54 15
71 54 71
77 54 60
81 54 48
82 54 31
86 54 45
87 54 73
91 54 22
93 54 2
97 54 4
106 54 50
107 54 77
110 54 16
116 54 54
121 54 18
128 54 63
134 54 89
162 54 18
224 54 76
231 54 86
235 54 2
236 54 3
237 54 20
238 54 56
240 54 60
244 54 42
245 54 62
246 54 88
251 54 50
260 54 3
265 54 70
276 54 64
283 54 25
285 54 81
311 54 63
56 55 79
57 55 91
60 55 30
69 55 7
81 55 59
82 55 83
86 55 76
87 55 21
106 55 24
109 55 93
110 55 48
121 55 9
123 55 47
126 55 50
134 55 80
160 55 54
162 55 62
185 55 21
224 55 68
235 55 1
236 55 70
238 55 70
240 55 70
242 55 86
244 55 94
246 55 50
260 55 100
263 55 53
265 55 27
266 55 87
276 55 80
283 55 58
285 55 30
308 55 61
57 56 84
76 56 7
77 56 79
78 56 82
83 56 57
123 56 58
126 56 88
131 56 70
134 56 79
137 56 55
138 56 70
160 56 100
162 56 76
174 56 91
175 56 37
177 56 69
178 56 40
180 56 37
185 56 73
190 56 19
205 56 75
208 56 53
209 56 76
219 56 4
220 56 13
301 56 91
323 56 91
69 57 50
76 57 26
77 57 18
78 57 57
81 57 4
82 57 99
83 57 65
85 57 62
91 57 86
97 57 86
126 57 92
131 57 92
137 57 55
138 57 91
148 57 67
160 57 45
162 57 80
174 57 88
175 57 36
177 57 16
178 57 60
180 57 54
185 57 42
190 57 12
192 57 81
197 57 46
205 57 77
208 57 72
209 57 88
219 57 84
220 57 53
244 57 90
276 57 62
301 57 70
308 57 98
59 58 12
62 58 64
71 58 49
72 58 91
86 58 3
97 58 36
98 58 58
99 58 63
117 58 42
124 58 99
125 58 26
169 58 22
170 58 44
172 58 2
173 58 93
176 58 84
183 58 38
187 58 46
188 58 73
194 58 99
195 58 15
200 58 70
201 58 63
224 58 35
259 58 83
303 58 93
316 58 93
61 59 5
62 59 33
63 59 14
66 59 60
69 59 20
71 59 71
72 59 22
74 59 61
79 59 22
97 59 47
98 59 83
99 59 17
101 59 49
102 59 75
112 59 100
117 59 38
118 59 72
119 59 72
124 59 36
125 59 87
127 59 93
130 59 50
147 59 73
148 59 75
151 59 42
156 59 65
157 59 55
158 59 55
159 59 6
164 59 39
167 59 30
169 59 63
170 59 23
172 59 44
173 59 22
176 59 43
179 59 66
180 59 43
182 59 55
183 59 39
184 59 41
186 59 37
187 59 56
188 59 41
192 59 64
193 59 55
194 59 78
195 59 87
200 59 79
213 59 13
225 59 73
227 59 71
230 59 15
232 59 98
242 59 98
259 59 56
271 59 62
273 59 4
274 59 62
282 59 20
292 59 95
301 59 92
302 59 82
303 59 17
304 59 87
313 59 55
316 59 11
319 59 4
63 60 77
64 60 54
65 60 93
69 60 91
77 60 57
78 60 55
82 60 10
84 60 51
85 60 98
90 60 91
91 60 20
92 60 84
93 60 45
96 60 82
104 60 87
106 60 93
107 60 99
113 60 29
114 60 33
115 60 5
116 60 78
120 60 62
126 60 25
128 60 82
129 60 21
145 60 32
168 60 15
170 60 44
208 60 12
224 60 71
231 60 81
244 60 40
263 60 24
276 60 73
301 60 82
308 60 33
311 60 79
62 61 19
66 61 67
72 61 41
74 61 91
97 61 50
99 61 55
102 61 34
106 61 13
118 61 78
124 61 66
125 61 53
172 61 1
173 61 39
176 61 86
182 61 33
188 61 69
194 61 77
230 61 68
316 61 97
319 61 61
70 62 62
71 62 46
74 62 86
97 62 19
98 62 39
99 62 45
117 62 38
124 62 5
125 62 85
145 62 80
150 62 55
155 62 91
169 62 66
172 62 67
173 62 68
176 62 31
179 62 71
183 62 21
186 62 21
187 62 57
188 62 53
194 62 90
200 62 85
214 62 72
273 62 38
274 62 45
279 62 97
316 62 96
319 62 86
64 63 92
65 63 85
66 63 7
69 63 48
74 63 69
82 63 87
85 63 54
86 63 11
93 63 52
96 63 73
100 63 79
106 63 34
107 63 95
113 63 99
114 63 55
115 63 51
116 63 3
120 63 96
126 63 87
129 63 27
175 63 33
231 63 32
236 63 23
301 63 80
69 64 27
75 64 38
76 64 81
92 64 51
93 64 16
96 64 15
99 64 45
100 64 66
107 64 69
113 64 48
114 64 20
115 64 16
116 64 34
120 64 46
126 64 100
129 64 17
130 64 20
131 64 79
146 64 34
173 64 50
181 64 62
216 64 1
224 64 32
229 64 84
231 64 86
263 64 57
311 64 91
75 65 34
84 65 55
87 65 36
91 65 3
93 65 27
96 65 66
100 65 36
106 65 28
107 65 27
111 65 88
113 65 59
114 65 63
126 65 74
128 65 67
129 65 5
138 65 3
160 65 99
162 65 21
178 65 9
248 65 58
315 65 27
67 66 46
68 66 9
72 66 37
88 66 85
95 66 19
99 66 51
108 66 10
125 66 37
145 66 55
155 66 12
156 66 36
157 66 76
158 66 21
168 66 93
179 66 54
182 66 68
186 66 10
189 66 4
195 66 17
198 66 81
200 66 44
230 66 34
241 66 3
268 66 93
270 66 92
274 66 11
282 66 97
313 66 84
319 66 21
68 67 94
71 67 88
79 67 76
95 67 81
145 67 63
155 67 48
156 67 73
157 67 68
163 67 15
164 67 34
167 67 23
168 67 31
170 67 66
222 67 19
230 67 17
241 67 69
71 68 89
94 68 37
130 68 69
157 68 27
163 68 19
167 68 71
168 68 35
269 68 51
274 68 83
76 69 57
82 69 84
93 69 71
106 69 71
107 69 18
113 69 94
116 69 54
120 69 35
121 69 12
126 69 70
129 69 3
132 69 74
134 69 29
162 69 34
174 69 33
185 69 71
204 69 85
261 69 73
280 69 7
71 70 95
74 70 71
79 70 18
80 70 69
92 70 99
101 70 3
102 70 53
106 70 70
108 70 39
127 70 25
130 70 28
148 70 43
150 70 75
151 70 5
152 70 18
154 70 11
166 70 32
168 70 79
170 70 27
172 70 96
183 70 49
193 70 3
195 70 64
206 70 23
212 70 66
262 70 51
270 70 72
278 70 46
317 70 82
322 70 21
325 70 60
72 71 99
73 71 47
74 71 33
79 71 9
80 71 30
86 71 64
89 71 36
93 71 77
94 71 12
97 71 90
98 71 41
99 71 87
101 71 55
102 71 43
117 71 58
125 71 52
127 71 76
137 71 30
145 71 11
148 71 4
151 71 73
152 71 92
154 71 100
157 71 15
166 71 74
168 71 100
169 71 29
170 71 47
172 71 24
173 71 71
176 71 62
183 71 74
187 71 17
193 71 46
194 71 35
195 71 46
197 71 9
200 71 70
206 71 75
207 71 21
212 71 11
214 71 15
234 71 59
245 71 17
252 71 57
254 71 16
255 71 68
259 71 84
273 71 45
278 71 30
303 71 88
313 71 18
316 71 21
319 71 39
325 71 84
73 72 88
74 72 28
79 72 5
97 72 69
98 72 67
99 72 74
117 72 42
124 72 6
125 72 57
141 72 40
143 72 96
159 72 21
169 72 84
170 72 61
172 72 55
173 72 41
176 72 100
179 72 5
182 72 43
183 72 73
184 72 53
186 72 6
187 72 67
188 72 27
193 72 41
195 72 23
200 72 15
202 72 34
230 72 95
231 72 11
259 72 94
266 72 34
273 72 91
316 72 99
319 72 3
74 73 7
80 73 58
92 73 21
101 73 11
102 73 52
108 73 46
127 73 16
148 73 10
150 73 64
151 73 42
152 73 2
153 73 87
154 73 57
166 73 88
168 73 81
169 73 67
170 73 81
270 73 15
274 73 9
278 73 31
298 73 17
317 73 66
320 73 3
75 74 3
79 74 75
80 74 78
90 74 70
92 74 84
101 74 42
102 74 12
106 74 38
108 74 28
114 74 20
121 74 25
124 74 60
127 74 38
130 74 57
147 74 26
148 74 47
150 74 88
151 74 94
152 74 64
153 74 42
154 74 5
159 74 42
166 74 28
167 74 50
168 74 33
173 74 14
177 74 64
179 74 93
186 74 58
189 74 35
201 74 74
214 74 60
222 74 10
225 74 51
230 74 82
241 74 45
247 74 44
252 74 45
262 74 82
270 74 23
273 74 64
274 74 58
278 74 83
293 74 53
302 74 15
317 74 60
318 74 99
320 74 54
322 74 54
84 75 6
85 75 8
90 75 48
91 75 20
93 75 68
96 75 46
100 75 25
106 75 73
107 75 60
113 75 19
114 75 82
116 75 15
120 75 92
123 75 45
126 75 54
128 75 78
129 75 20
178 75 34
191 75 21
200 75 29
203 75 91
224 75 76
77 76 59
78 76 7
83 76 25
92 76 4
100 76 60
106 76 54
107 76 23
121 76 46
125 76 27
126 76 3
129 76 36
131 76 54
133 76 53
134 76 86
137 76 16
138 76 17
160 76 39
162 76 10
174 76 30
175 76 66
176 76 99
177 76 48
178 76 100
180 76 82
181 76 37
182 76 5
185 76 15
190 76 3
191 76 30
192 76 55
197 76 36
205 76 40
206 76 13
208 76 12
209 76 43
219 76 73
220 76 17
236 76 17
242 76 18
244 76 43
261 76 71
265 76 5
270 76 96
276 76 23
297 76 43
301 76 12
308 76 92
323 76 81
78 77 1
83 77 19
100 77 63
106 77 82
107 77 74
113 77 98
131 77 22
134 77 38
137 77 61
160 77 16
162 77 10
169 77 77
174 77 33
175 77 79
177 77 72
178 77 3
180 77 36
183 77 67
185 77 78
190 77 78
191 77 30
192 77 69
197 77 58
205 77 3
208 77 93
209 77 4
210 77 73
219 77 64
220 77 52
231 77 77
242 77 23
263 77 53
265 77 96
270 77 85
288 77 86
301 77 21
308 77 34
83 78 42
100 78 10
107 78 68
121 78 44
131 78 2
137 78 23
160 78 16
162 78 65
168 78 74
174 78 45
177 78 88
178 78 78
185 78 40
191 78 72
205 78 64
209 78 60
219 78 58
220 78 22
288 78 17
301 78 51
308 78 96
80 79 8
93 79 28
101 79 71
102 79 18
106 79 47
107 79 14
108 79 71
110 79 21
119 79 81
124 79 36
127 79 46
130 79 25
148 79 75
150 79 24
151 79 16
152 79 98
154 79 39
163 79 75
166 79 55
168 79 60
193 79 44
236 79 6
270 79 8
278 79 31
317 79 30
322 79 13
325 79 64
94 80 76
101 80 73
102 80 39
106 80 99
127 80 88
130 80 89
148 80 37
150 80 15
151 80 43
152 80 49
153 80 10
154 80 100
157 80 8
162 80 40
163 80 82
166 80 20
168 80 56
173 80 81
190 80 3
193 80 89
266 80 9
270 80 93
278 80 1
317 80 59
320 80 52
322 80 11
325 80 74
82 81 67
86 81 55
87 81 56
91 81 18
93 81 62
104 81 47
107 81 99
109 81 82
110 81 2
121 81 31
122 81 36
126 81 42
134 81 39
137 81 28
162 81 42
166 81 49
170 81 79
185 81 4
187 81 22
192 81 59
224 81 44
226 81 43
231 81 4
236 81 12
237 81 35
238 81 92
240 81 30
244 81 15
245 81 15
246 81 84
251 81 13
260 81 33
262 81 39
263 81 20
265 81 51
266 81 52
276 81 67
283 81 1
301 81 85
311 81 68
99 82 77
106 82 7
113 82 44
115 82 36
120 82 2
121 82 86
122 82 91
123 82 13
126 82 21
134 82 82
162 82 94
174 82 87
185 82 49
224 82 78
231 82 100
235 82 81
244 82 68
246 82 19
248 82 83
262 82 71
263 82 85
265 82 84
266 82 56
276 82 5
283 82 67
285 82 75
301 82 66
311 82 88
92 83 90
93 83 46
107 83 57
113 83 19
115 83 45
117 83 90
121 83 38
129 83 15
131 83 24
134 83 8
137 83 52
138 83 59
160 83 63
162 83 8
174 83 25
175 83 38
177 83 25
185 83 13
190 83 11
192 83 44
194 83 22
197 83 8
205 83 74
209 83 75
215 83 45
219 83 5
220 83 14
255 83 72
257 83 100
265 83 72
266 83 80
301 83 89
85 84 66
86 84 38
90 84 88
91 84 3
93 84 62
96 84 52
100 84 13
106 84 57
107 84 26
113 84 73
114 84 30
115 84 100
120 84 69
128 84 86
129 84 65
162 84 40
193 84 86
209 84 37
220 84 71
265 84 26
285 84 5
90 85 40
91 85 19
93 85 27
100 85 8
109 85 4
113 85 92
114 85 99
115 85 41
120 85 80
126 85 69
160 85 67
260 85 36
311 85 80
87 86 23
90 86 50
93 86 73
106 86 41
109 86 76
110 86 80
121 86 96
122 86 67
123 86 30
134 86 89
170 86 98
224 86 99
231 86 7
235 86 34
236 86 30
237 86 9
240 86 90
244 86 100
245 86 90
246 86 47
251 86 15
260 86 54
263 86 81
265 86 40
266 86 18
276 86 87
285 86 12
106 87 81
107 87 100
109 87 22
110 87 79
121 87 50
134 87 28
175 87 64
177 87 79
190 87 88
198 87 53
224 87 78
231 87 29
235 87 99
236 87 44
237 87 35
238 87 32
239 87 84
240 87 52
244 87 18
245 87 47
246 87 36
251 87 89
260 87 33
265 87 2
266 87 83
276 87 19
285 87 40
311 87 68
89 88 53
103 88 7
104 88 87
105 88 92
111 88 11
112 88 17
133 88 21
140 88 10
141 88 60
149 88 55
171 88 93
196 88 95
204 88 58
210 88 62
211 88 42
215 88 94
216 88 50
217 88 26
218 88 47
221 88 84
225 88 44
227 88 86
228 88 4
229 88 77
242 88 46
248 88 56
250 88 42
258 88 58
267 88 82
280 88 85
297 88 18
305 88 34
103 89 9
104 89 67
105 89 20
111 89 54
112 89 69
133 89 45
196 89 100
210 89 4
212 89 40
215 89 37
217 89 7
218 89 16
225 89 35
227 89 15
242 89 9
248 89 92
258 89 96
261 89 93
286 89 9
294 89 81
297 89 35
312 89 65
325 89 6
91 90 41
96 90 14
100 90 20
106 90 45
113 90 53
114 90 8
115 90 3
116 90 21
129 90 42
177 90 69
178 90 29
199 90 85
209 90 64
251 90 74
326 90 46
93 91 59
96 91 78
100 91 17
106 91 79
107 91 72
113 91 86
115 91 60
120 91 56
126 91 1
128 91 33
129 91 53
178 91 45
205 91 92
208 91 15
94 92 21
101 92 2
106 92 94
108 92 73
115 92 99
119 92 85
147 92 39
148 92 49
151 92 23
153 92 7
154 92 3
158 92 60
162 92 97
166 92 70
167 92 98
183 92 11
198 92 65
217 92 14
248 92 18
269 92 11
270 92 47
313 92 31
317 92 75
320 92 95
322 92 55
96 93 81
100 93 71
102 93 87
106 93 31
107 93 82
113 93 3
114 93 44
115 93 51
116 93 66
120 93 90
121 93 82
126 93 40
128 93 36
129 93 36
131 93 60
160 93 46
162 93 92
178 93 93
185 93 61
224 93 61
238 93 45
278 93 78
95 94 83
119 94 83
143 94 13
145 94 77
148 94 46
151 94 40
157 94 3
158 94 79
163 94 52
164 94 11
167 94 46
168 94 67
172 94 62
186 94 63
269 94 99
274 94 2
304 94 13
313 94 71
319 94 30
326 94 98
119 95 11
155 95 62
158 95 23
161 95 76
164 95 90
195 95 20
199 95 15
265 95 44
274 95 99
282 95 66
313 95 54
322 95 96
326 95 85
100 96 50
106 96 19
107 96 58
110 96 5
113 96 96
116 96 86
120 96 98
126 96 13
128 96 34
183 96 54
301 96 40
98 97 98
99 97 28
106 97 65
117 97 56
124 97 84
125 97 60
158 97 93
169 97 34
170 97 72
172 97 78
173 97 87
176 97 63
179 97 4
182 97 51
183 97 68
186 97 4
187 97 42
188 97 10
192 97 75
193 97 99
194 97 99
200 97 45
204 97 74
257 97 42
316 97 61
319 97 32
99 98 25
124 98 29
125 98 48
148 98 11
161 98 91
169 98 3
172 98 14
173 98 58
176 98 6
179 98 7
182 98 19
183 98 80
187 98 6
188 98 70
190 98 76
193 98 31
194 98 11
195 98 37
200 98 62
316 98 62
106 99 5
107 99 55
117 99 13
124 99 33
125 99 54
144 99 76
169 99 75
172 99 56
173 99 89
176 99 85
182 99 13
183 99 47
186 99 55
187 99 45
188 99 4
193 99 24
194 99 20
195 99 34
200 99 87
270 99 8
273 99 96
287 99 48
292 99 30
315 99 82
316 99 90
319 99 33
106 100 55
107 100 54
110 100 37
113 100 99
114 100 58
115 100 13
116 100 18
120 100 43
126 100 99
129 100 78
137 100 38
160 100 98
162 100 7
178 100 71
185 100 88
209 100 91
219 100 60
220 100 75
232 100 75
263 100 86
308 100 2
315 100 62
102 101 24
106 101 81
108 101 52
112 101 70
127 101 14
130 101 56
148 101 30
150 101 45
151 101 2
152 101 2
154 101 6
166 101 1
216 101 27
270 101 56
278 101 51
317 101 9
320 101 69
322 101 70
106 102 73
107 102 52
108 102 30
119 102 28
124 102 34
127 102 75
130 102 29
140 102 87
142 102 32
147 102 82
148 102 13
151 102 39
152 102 84
154 102 73
158 102 8
166 102 53
169 102 9
177 102 88
182 102 70
188 102 60
195 102 77
204 102 89
208 102 99
230 102 14
231 102 54
251 102 86
257 102 25
258 102 37
264 102 6
270 102 7
278 102 53
287 102 78
291 102 11
298 102 35
311 102 58
313 102 96
317 102 61
320 102 86
322 102 82
104 103 52
105 103 10
111 103 7
112 103 14
133 103 96
148 103 64
149 103 9
151 103 56
185 103 50
201 103 42
210 103 99
211 103 20
215 103 87
216 103 29
217 103 22
218 103 56
221 103 18
223 103 27
225 103 34
227 103 94
228 103 54
229 103 70
242 103 50
248 103 17
250 103 9
258 103 19
267 103 85
275 103 80
280 103 12
284 103 41
292 103 9
295 103 64
297 103 50
310 103 16
105 104 21
111 104 25
112 104 49
132 104 99
133 104 58
148 104 94
149 104 52
196 104 80
204 104 96
211 104 20
215 104 88
216 104 14
217 104 56
218 104 67
221 104 78
223 104 97
225 104 76
228 104 41
242 104 98
248 104 91
258 104 69
261 104 95
279 104 69
280 104 58
286 104 98
292 104 49
294 104 89
295 104 48
296 104 100
297 104 58
111 105 85
112 105 1
133 105 76
149 105 62
196 105 49
210 105 3
215 105 54
216 105 46
217 105 45
218 105 74
221 105 92
225 105 66
229 105 32
242 105 90
248 105 14
258 105 72
305 105 89
312 105 65
107 106 75
110 106 36
113 106 27
114 106 75
115 106 12
116 106 40
120 106 75
125 106 14
126 106 93
128 106 20
129 106 59
131 106 67
134 106 64
137 106 24
148 106 50
162 106 5
169 106 89
172 106 21
173 106 93
175 106 5
176 106 53
177 106 12
178 106 40
187 106 66
190 106 60
205 106 44
208 106 71
220 106 84
224 106 74
231 106 49
236 106 79
237 106 100
245 106 85
246 106 57
247 106 74
258 106 96
285 106 97
301 106 100
305 106 61
316 106 89
113 107 59
114 107 9
115 107 94
120 107 8
121 107 28
123 107 64
125 107 56
126 107 80
128 107 90
129 107 81
160 107 78
162 107 13
169 107 53
173 107 89
174 107 28
175 107 48
176 107 71
177 107 97
178 107 76
185 107 98
187 107 78
190 107 93
205 107 62
208 107 87
212 107 93
231 107 68
238 107 79
246 107 89
249 107 3
258 107 68
260 107 42
261 107 61
263 107 28
285 107 87
301 107 69
127 108 30
148 108 86
150 108 7
152 108 12
154 108 69
166 108 29
168 108 24
179 108 44
230 108 65
241 108 22
270 108 63
278 108 69
317 108 50
322 108 70
110 109 21
122 109 89
134 109 31
224 109 89
231 109 70
235 109 55
236 109 32
238 109 34
240 109 28
244 109 94
251 109 54
260 109 78
263 109 15
283 109 80
285 109 74
121 110 48
123 110 55
134 110 40
185 110 65
224 110 98
235 110 96
236 110 63
240 110 36
244 110 31
245 110 45
246 110 55
251 110 51
265 110 34
276 110 85
283 110 39
285 110 3
112 111 17
133 111 99
162 111 64
191 111 23
196 111 38
206 111 80
210 111 72
211 111 34
215 111 94
216 111 7
217 111 16
218 111 39
221 111 61
225 111 66
227 111 24
229 111 98
234 111 56
242 111 78
248 111 88
249 111 29
250 111 17
258 111 6
261 111 95
271 111 10
272 111 53
284 111 75
292 111 86
294 111 26
296 111 93
297 111 33
300 111 42
302 111 9
304 111 31
305 111 58
315 111 84
133 112 15
166 112 3
196 112 73
211 112 89
215 112 88
216 112 98
218 112 33
221 112 72
225 112 39
227 112 94
228 112 55
229 112 96
242 112 77
248 112 75
250 112 85
251 112 31
258 112 80
261 112 67
262 112 44
292 112 100
297 112 39
302 112 70
305 112 37
315 112 34
114 113 17
115 113 81
116 113 9
120 113 43
123 113 65
126 113 91
128 113 22
129 113 83
148 113 35
166 113 21
282 113 21
115 114 24
116 114 35
120 114 56
124 114 23
129 114 71
151 114 70
175 114 27
201 114 60
205 114 34
236 114 56
244 114 62
245 114 1
301 114 30
116 115 63
120 115 70
126 115 58
129 115 38
175 115 80
177 115 55
231 115 60
244 115 63
245 115 52
301 115 15
120 116 78
124 116 39
125 116 53
126 116 39
129 116 79
131 116 13
172 116 28
177 116 80
226 116 30
249 116 15
289 116 18
124 117 10
125 117 71
161 117 30
162 117 63
169 117 46
170 117 56
173 117 56
176 117 23
182 117 82
183 117 73
184 117 29
186 117 61
188 117 80
193 117 90
194 117 54
195 117 49
200 117 17
216 117 100
226 117 57
230 117 10
259 117 9
274 117 70
316 117 26
119 118 9
145 118 74
155 118 79
157 118 34
158 118 2
163 118 39
164 118 65
172 118 43
182 118 93
262 118 13
269 118 59
274 118 44
282 118 70
313 118 21
130 119 77
145 119 11
146 119 21
147 119 60
156 119 71
157 119 60
158 119 14
163 119 13
164 119 61
168 119 64
195 119 10
249 119 21
269 119 37
274 119 40
282 119 54
313 119 90
126 120 42
129 120 13
178 120 74
224 120 51
236 120 56
122 121 8
123 121 26
126 121 11
132 121 47
134 121 1
137 121 6
162 121 97
170 121 91
180 121 62
183 121 68
185 121 69
188 121 57
191 121 93
192 121 89
209 121 83
217 121 87
218 121 41
220 121 82
224 121 11
231 121 40
234 121 51
235 121 86
236 121 1
237 121 91
238 121 54
243 121 26
244 121 5
246 121 20
251 121 6
262 121 21
263 121 99
265 121 65
276 121 47
283 121 61
288 121 63
300 121 99
311 121 18
123 122 79
134 122 76
187 122 23
191 122 40
194 122 90
219 122 21
237 122 9
238 122 49
240 122 61
260 122 92
263 122 28
265 122 69
266 122 79
276 122 98
283 122 66
311 122 52
126 123 62
134 123 33
174 123 70
180 123 17
185 123 61
224 123 33
231 123 41
237 123 40
244 123 8
246 123 15
263 123 31
265 123 49
266 123 35
276 123 91
283 123 98
311 123 47
324 123 82
125 124 92
130 124 96
173 124 13
176 124 13
177 124 12
179 124 26
182 124 45
186 124 5
187 124 17
188 124 52
193 124 19
194 124 47
198 124 1
214 124 6
230 124 89
231 124 50
241 124 4
255 124 71
301 124 26
316 124 71
141 125 18
154 125 78
158 125 93
166 125 59
169 125 27
170 125 96
172 125 29
173 125 4
176 125 19
177 125 62
179 125 54
182 125 74
183 125 58
184 125 36
186 125 20
187 125 74
188 125 70
193 125 42
194 125 76
195 125 36
200 125 6
212 125 73
218 125 15
250 125 83
315 125 34
316 125 70
317 125 5
319 125 50
129 126 86
134 126 94
162 126 100
166 126 20
174 126 79
185 126 21
205 126 76
208 126 28
244 126 62
276 126 57
291 126 65
301 126 25
317 126 15
130 127 47
141 127 36
151 127 41
152 127 59
153 127 36
154 127 29
163 127 7
166 127 20
193 127 62
270 127 55
278 127 28
317 127 73
322 127 75
142 128 77
134 129 66
177 129 95
263 129 2
301 129 33
148 130 22
152 130 28
154 130 67
158 130 100
166 130 38
183 130 2
186 130 79
193 130 85
198 130 37
199 130 94
226 130 60
270 130 82
278 130 33
317 130 39
320 130 44
137 131 41
160 131 50
162 131 71
174 131 77
175 131 38
177 131 17
178 131 36
180 131 72
185 131 49
190 131 26
197 131 67
208 131 64
209 131 14
219 131 94
220 131 83
232 131 92
301 131 53
308 131 88
323 131 64
135 132 37
141 132 33
143 132 32
144 132 74
149 132 49
171 132 67
174 132 45
204 132 50
216 132 45
225 132 11
234 132 13
257 132 58
264 132 56
268 132 95
271 132 1
275 132 61
279 132 82
280 132 64
284 132 5
286 132 96
287 132 24
289 132 43
290 132 59
291 132 4
292 132 4
297 132 50
298 132 73
299 132 68
302 132 37
304 132 35
312 132 23
315 132 25
135 133 58
149 133 33
162 133 78
191 133 65
196 133 27
210 133 78
211 133 25
215 133 60
216 133 94
217 133 82
218 133 8
221 133 69
223 133 76
225 133 66
227 133 72
228 133 32
229 133 67
242 133 96
248 133 99
250 133 4
258 133 83
277 133 73
292 133 28
297 133 2
302 133 79
305 133 78
312 133 21
160 134 55
174 134 11
176 134 16
185 134 10
190 134 93
196 134 41
224 134 89
231 134 94
235 134 71
236 134 19
237 134 66
238 134 26
240 134 95
244 134 59
245 134 50
246 134 28
251 134 33
260 134 3
263 134 77
265 134 37
266 134 33
276 134 3
283 134 100
285 134 57
291 134 14
301 134 23
311 134 100
316 134 49
136 135 40
139 135 9
140 135 61
141 135 53
143 135 31
144 135 13
149 135 1
165 135 41
171 135 27
201 135 67
204 135 8
234 135 3
257 135 100
264 135 33
267 135 71
271 135 73
272 135 98
275 135 84
277 135 16
279 135 33
280 135 62
284 135 37
286 135 10
287 135 51
290 135 7
291 135 66
292 135 72
297 135 79
298 135 50
300 135 81
302 135 36
304 135 89
306 135 42
312 135 48
315 135 42
141 136 38
143 136 12
271 136 72
272 136 40
277 136 63
279 136 56
280 136 10
291 136 35
300 136 5
138 137 3
147 137 37
160 137 7
162 137 91
174 137 98
178 137 57
180 137 98
183 137 63
190 137 81
197 137 28
198 137 64
205 137 13
219 137 63
220 137 5
221 137 54
232 137 11
258 137 98
261 137 26
265 137 22
301 137 43
308 137 89
320 137 60
158 138 48
160 138 77
177 138 34
178 138 60
180 138 91
190 138 90
197 138 66
219 138 53
220 138 87
221 138 91
240 138 75
258 138 81
262 138 31
308 138 34
320 138 35
141 139 74
143 139 16
144 139 19
149 139 73
165 139 92
201 139 4
204 139 85
216 139 82
228 139 45
242 139 50
248 139 87
250 139 83
257 139 92
264 139 61
267 139 64
268 139 74
275 139 46
279 139 98
284 139 68
286 139 29
287 139 53
289 139 29
291 139 73
292 139 63
294 139 64
298 139 21
300 139 82
304 139 57
141 140 49
143 140 6
144 140 5
146 140 64
165 140 77
171 140 77
201 140 7
204 140 80
234 140 13
247 140 40
254 140 25
257 140 14
264 140 26
267 140 7
268 140 57
271 140 86
272 140 70
275 140 31
277 140 83
279 140 20
280 140 98
284 140 12
286 140 24
290 140 78
291 140 36
292 140 39
298 140 41
300 140 8
302 140 20
304 140 98
306 140 86
312 140 20
315 140 55
143 141 97
144 141 58
149 141 45
165 141 5
166 141 44
171 141 67
177 141 35
198 141 78
201 141 38
204 141 85
234 141 89
242 141 13
254 141 14
256 141 76
257 141 51
262 141 7
264 141 83
267 141 23
268 141 56
271 141 21
272 141 42
275 141 10
277 141 62
279 141 25
280 141 41
284 141 32
286 141 17
289 141 3
290 141 15
291 141 97
292 141 41
298 141 63
299 141 55
300 141 37
302 141 67
304 141 50
306 141 3
312 141 54
315 141 79
320 141 92
325 141 38
146 142 26
153 142 59
154 142 47
155 142 66
222 142 91
262 142 63
320 142 20
144 143 3
149 143 90
165 143 97
171 143 94
201 143 79
204 143 16
234 143 50
257 143 82
264 143 11
267 143 9
268 143 42
271 143 88
272 143 37
275 143 6
277 143 85
279 143 59
280 143 31
284 143 95
286 143 5
287 143 48
290 143 85
291 143 20
292 143 19
298 143 41
299 143 83
300 143 30
302 143 11
304 143 52
312 143 29
315 143 48
146 144 83
149 144 23
165 144 51
171 144 19
173 144 81
201 144 33
204 144 13
217 144 38
242 144 32
250 144 50
257 144 9
264 144 50
267 144 90
268 144 43
271 144 31
272 144 53
275 144 94
277 144 60
279 144 100
280 144 15
284 144 42
286 144 40
287 144 32
289 144 18
290 144 59
291 144 17
292 144 48
296 144 11
297 144 64
298 144 33
300 144 57
302 144 46
303 144 55
304 144 7
309 144 16
322 144 88
153 145 74
158 145 38
159 145 8
161 145 66
167 145 69
168 145 77
169 145 24
172 145 38
178 145 24
189 145 87
200 145 1
274 145 57
282 145 43
147 146 98
158 146 96
165 146 93
171 146 72
183 146 67
198 146 59
199 146 46
202 146 56
206 146 18
213 146 11
214 146 25
233 146 94
241 146 86
242 146 14
243 146 18
247 146 72
250 146 66
252 146 74
253 146 14
255 146 64
256 146 88
262 146 15
284 146 30
286 146 90
295 146 6
296 146 75
325 146 19
158 147 65
160 147 19
173 147 54
183 147 82
198 147 81
202 147 30
203 147 27
206 147 67
207 147 95
214 147 44
222 147 90
226 147 61
243 147 69
247 147 56
250 147 76
252 147 57
253 147 70
254 147 57
255 147 46
260 147 27
262 147 84
281 147 16
284 147 99
286 147 85
293 147 52
295 147 60
296 147 87
301 147 84
305 147 66
307 147 8
310 147 82
325 147 30
150 148 70
151 148 3
152 148 62
153 148 91
154 148 59
155 148 7
157 148 17
166 148 94
168 148 74
170 148 67
186 148 30
188 148 26
230 148 79
269 148 16
270 148 9
278 148 44
293 148 24
317 148 42
320 148 26
322 148 50
165 149 48
171 149 66
201 149 67
206 149 89
216 149 43
217 149 68
221 149 69
223 149 83
225 149 76
234 149 68
242 149 15
257 149 60
258 149 82
264 149 32
268 149 6
271 149 75
272 149 54
275 149 73
279 149 69
280 149 37
284 149 78
286 149 74
289 149 78
291 149 3
292 149 25
297 149 45
304 149 95
312 149 53
315 149 84
320 149 65
151 150 97
154 150 88
156 150 99
166 150 26
168 150 13
222 150 29
274 150 29
278 150 37
317 150 73
152 151 97
153 151 9
154 151 30
158 151 68
163 151 2
166 151 86
168 151 93
182 151 20
188 151 96
212 151 41
213 151 7
248 151 95
270 151 67
278 151 20
287 151 23
293 151 47
317 151 8
320 151 47
322 151 69
154 152 92
166 152 63
201 152 17
270 152 38
278 152 70
287 152 63
317 152 59
322 152 18
154 153 74
155 153 87
156 153 6
170 153 68
222 153 30
249 153 20
270 153 36
320 153 20
166 154 68
260 154 87
270 154 35
274 154 46
278 154 100
282 154 1
317 154 71
318 154 86
320 154 59
322 154 39
325 154 67
156 155 23
158 155 50
161 155 10
168 155 52
182 155 76
200 155 95
201 155 71
282 155 51
157 156 14
158 156 33
168 156 83
195 156 21
222 156 44
274 156 72
286 156 26
326 156 56
158 157 51
161 157 48
163 157 55
164 157 39
167 157 46
168 157 35
186 157 19
242 157 83
269 157 100
274 157 13
282 157 42
313 157 42
320 157 26
326 157 74
160 158 40
164 158 77
166 158 87
167 158 78
168 158 74
172 158 73
183 158 49
190 158 9
197 158 73
198 158 61
201 158 50
204 158 14
232 158 38
243 158 75
244 158 42
253 158 36
258 158 43
261 158 40
268 158 11
269 158 67
270 158 21
274 158 54
284 158 73
287 158 34
296 158 78
313 158 11
317 158 54
319 158 77
320 158 49
167 159 92
168 159 94
169 159 67
189 159 98
195 159 71
201 159 15
267 159 32
162 160 83
174 160 94
175 160 41
177 160 31
178 160 85
180 160 18
181 160 28
185 160 42
190 160 84
191 160 99
192 160 92
197 160 34
198 160 12
205 160 30
208 160 45
209 160 96
219 160 88
220 160 62
222 160 52
262 160 31
285 160 7
301 160 19
305 160 28
308 160 29
320 160 85
323 160 60
163 161 60
167 161 75
168 161 78
176 161 88
187 161 12
244 161 89
274 161 47
282 161 2
313 161 94
318 161 32
174 162 6
175 162 44
177 162 82
178 162 97
180 162 53
181 162 62
182 162 36
185 162 58
191 162 81
192 162 89
204 162 67
205 162 78
208 162 48
209 162 93
219 162 55
220 162 35
223 162 4
244 162 43
265 162 82
276 162 58
301 162 88
308 162 13
323 162 25
164 163 75
167 163 66
168 163 79
193 163 22
269 163 87
274 163 60
303 163 75
318 163 4
326 163 74
168 164 29
193 164 69
225 164 14
274 164 79
313 164 42
326 164 69
171 165 45
201 165 10
204 165 4
217 165 69
250 165 10
257 165 19
264 165 71
267 165 17
268 165 9
271 165 18
272 165 56
275 165 23
277 165 54
279 165 39
280 165 46
284 165 83
286 165 59
287 165 59
289 165 13
290 165 100
291 165 27
298 165 16
300 165 85
302 165 26
303 165 46
304 165 40
322 165 51
168 166 85
170 166 81
176 166 86
177 166 90
181 166 71
187 166 31
201 166 24
215 166 29
251 166 41
261 166 36
270 166 80
276 166 68
278 166 4
317 166 16
320 166 45
322 166 1
168 167 3
186 167 68
211 167 8
213 167 61
269 167 10
274 167 76
172 168 71
189 168 71
194 168 78
212 168 72
236 168 72
269 168 95
274 168 12
278 168 6
312 168 40
317 168 14
322 168 26
326 168 99
170 169 78
172 169 81
173 169 61
176 169 28
182 169 51
183 169 96
184 169 49
186 169 53
187 169 76
188 169 29
193 169 99
194 169 32
195 169 77
200 169 58
230 169 7
273 169 95
292 169 46
316 169 57
319 169 36
325 169 29
172 170 94
173 170 1
176 170 87
179 170 3
182 170 59
183 170 34
184 170 49
186 170 15
187 170 69
188 170 29
193 170 80
195 170 51
198 170 31
215 170 71
219 170 5
226 170 57
230 170 14
234 170 68
241 170 82
246 170 23
257 170 1
259 170 84
273 170 12
303 170 99
319 170 65
320 170 3
176 171 29
195 171 39
201 171 77
204 171 45
206 171 94
234 171 17
257 171 91
264 171 44
267 171 30
268 171 50
271 171 87
272 171 91
275 171 96
279 171 85
280 171 63
284 171 75
286 171 31
287 171 50
289 171 27
290 171 57
291 171 20
292 171 29
298 171 13
300 171 8
302 171 87
304 171 26
312 171 14
313 171 12
315 171 71
173 172 5
176 172 83
179 172 91
182 172 19
183 172 10
186 172 21
187 172 20
188 172 88
194 172 30
195 172 39
230 172 68
259 172 42
269 172 99
273 172 54
303 172 19
313 172 12
316 172 65
319 172 42
176 173 69
179 173 50
182 173 71
183 173 39
184 173 61
186 173 87
187 173 32
188 173 17
193 173 44
194 173 76
195 173 51
200 173 13
217 173 16
229 173 62
243 173 18
270 173 45
273 173 91
316 173 33
319 173 13
175 174 65
177 174 12
178 174 68
180 174 72
181 174 78
185 174 66
190 174 69
191 174 56
192 174 10
205 174 27
208 174 85
209 174 81
221 174 89
227 174 83
238 174 71
260 174 48
301 174 51
308 174 100
311 174 19
177 175 83
178 175 23
180 175 76
181 175 17
185 175 46
190 175 75
191 175 19
192 175 97
205 175 94
208 175 77
219 175 9
220 175 52
232 175 36
238 175 9
249 175 52
301 175 10
323 175 12
179 176 2
183 176 72
184 176 64
186 176 11
187 176 75
188 176 100
193 176 19
194 176 78
195 176 61
200 176 83
201 176 80
230 176 75
255 176 96
266 176 30
270 176 58
273 176 23
291 176 44
303 176 85
315 176 92
316 176 39
319 176 22
178 177 52
180 177 27
181 177 28
185 177 76
190 177 76
191 177 87
195 177 12
197 177 77
205 177 15
208 177 53
216 177 7
219 177 27
232 177 95
234 177 61
237 177 54
238 177 100
263 177 40
265 177 80
285 177 75
286 177 97
298 177 18
301 177 32
302 177 84
322 177 30
180 178 80
181 178 23
185 178 55
190 178 45
191 178 30
192 178 34
197 178 9
205 178 64
208 178 41
209 178 100
219 178 26
232 178 87
237 178 54
239 178 15
260 178 99
265 178 60
301 178 11
323 178 89
183 179 6
184 179 10
186 179 8
200 179 37
230 179 26
274 179 78
291 179 90
181 180 96
185 180 77
190 180 93
191 180 42
192 180 14
197 180 50
198 180 51
205 180 74
208 180 87
219 180 28
220 180 3
232 180 28
265 180 50
286 180 50
301 180 14
308 180 78
185 181 81
190 181 26
191 181 14
208 181 35
232 181 5
263 181 64
265 181 85
301 181 70
183 182 76
184 182 35
186 182 88
187 182 22
188 182 78
193 182 29
194 182 11
195 182 13
200 182 88
226 182 50
273 182 99
293 182 20
184 183 88
186 183 26
187 183 79
188 183 75
193 183 27
195 183 29
197 183 95
198 183 54
200 183 93
201 183 49
204 183 37
213 183 72
226 183 39
230 183 89
243 183 95
247 183 6
255 183 78
264 183 68
267 183 14
284 183 60
296 183 30
316 183 25
319 183 6
186 184 11
188 184 86
193 184 60
195 184 94
230 184 45
232 184 88
273 184 64
287 184 29
316 184 94
319 184 60
190 185 50
191 185 48
192 185 69
193 185 73
197 185 33
208 185 14
212 185 22
220 185 95
232 185 51
244 185 34
265 185 88
266 185 95
276 185 21
301 185 3
311 185 23
323 185 67
187 186 42
188 186 95
194 186 35
195 186 95
200 186 47
212 186 15
230 186 57
270 186 69
273 186 97
313 186 78
316 186 93
319 186 97
188 187 99
193 187 85
195 187 5
200 187 66
201 187 63
259 187 24
273 187 5
291 187 20
303 187 23
316 187 53
319 187 42
194 188 75
195 188 51
204 188 39
273 188 68
316 188 50
319 188 68
201 189 77
197 190 38
205 190 42
208 190 98
209 190 96
219 190 85
220 190 5
222 190 93
232 190 15
301 190 32
323 190 72
192 191 32
232 191 27
237 191 86
244 191 94
283 191 42
305 191 36
308 191 65
323 191 37
205 192 79
232 192 89
308 192 12
194 193 16
195 193 87
200 193 94
230 193 52
252 193 25
259 193 36
273 193 78
303 193 85
316 193 10
319 193 94
322 193 16
195 194 39
198 194 46
200 194 34
202 194 95
215 194 53
225 194 3
316 194 89
319 194 38
200 195 39
204 195 97
234 195 62
257 195 79
259 195 86
273 195 50
274 195 92
286 195 26
313 195 5
316 195 48
319 195 2
215 196 32
218 196 90
221 196 38
229 196 62
242 196 94
248 196 94
250 196 13
258 196 88
286 196 4
297 196 11
312 196 57
198 197 69
205 197 5
209 197 51
220 197 45
221 197 6
235 197 92
240 197 76
261 197 47
285 197 29
308 197 89
199 198 6
201 198 60
202 198 90
203 198 57
204 198 4
206 198 47
207 198 48
212 198 31
213 198 46
214 198 28
222 198 72
226 198 37
232 198 1
243 198 25
254 198 68
255 198 30
256 198 88
281 198 55
293 198 21
295 198 6
307 198 74
310 198 17
320 198 64
325 198 64
202 199 21
206 199 63
207 199 96
214 199 89
222 199 44
226 199 83
247 199 95
253 199 64
262 199 88
281 199 20
293 199 81
295 199 3
309 199 84
325 199 75
230 200 93
262 200 44
266 200 4
274 200 33
319 200 31
204 201 23
234 201 37
257 201 25
264 201 95
267 201 2
268 201 93
271 201 50
272 201 80
275 201 85
279 201 78
280 201 21
284 201 19
286 201 94
287 201 5
289 201 88
290 201 5
291 201 4
292 201 95
298 201 87
299 201 84
300 201 5
302 201 4
304 201 41
321 201 4
203 202 24
206 202 67
207 202 43
212 202 27
213 202 78
214 202 82
222 202 92
226 202 89
233 202 10
241 202 63
247 202 3
249 202 61
252 202 70
253 202 42
254 202 10
255 202 30
256 202 25
262 202 57
281 202 70
286 202 92
293 202 33
309 202 81
310 202 29
325 202 2
207 203 87
212 203 93
226 203 65
255 203 27
293 203 55
309 203 80
310 203 29
234 204 46
257 204 85
263 204 52
264 204 89
267 204 17
268 204 32
271 204 18
275 204 70
277 204 76
279 204 23
280 204 49
284 204 91
286 204 95
287 204 44
289 204 8
290 204 42
291 204 53
292 204 20
296 204 15
297 204 91
298 204 64
299 204 31
300 204 17
302 204 18
304 204 10
309 204 45
312 204 85
314 204 11
315 204 67
322 204 13
208 205 47
220 205 54
238 205 53
301 205 39
323 205 70
207 206 96
211 206 8
212 206 73
213 206 1
214 206 60
222 206 11
223 206 70
226 206 8
233 206 92
243 206 95
247 206 72
248 206 100
249 206 93
250 206 70
252 206 61
253 206 86
254 206 5
255 206 15
256 206 72
262 206 70
281 206 21
284 206 88
286 206 15
292 206 50
293 206 100
295 206 84
296 206 14
302 206 39
307 206 43
309 206 81
310 206 65
325 206 90
212 207 8
214 207 26
226 207 90
233 207 96
247 207 40
253 207 40
254 207 95
255 207 75
262 207 5
293 207 85
295 207 18
296 207 85
325 207 50
224 208 67
229 208 14
232 208 23
265 208 65
286 208 14
301 208 78
322 208 1
323 208 70
219 209 70
220 209 79
249 209 82
262 209 47
211 210 47
217 210 14
218 210 8
221 210 61
223 210 30
225 210 29
227 210 91
248 210 11
250 210 76
258 210 22
286 210 65
297 210 20
305 210 61
217 211 98
218 211 79
221 211 46
225 211 58
228 211 77
229 211 12
242 211 65
248 211 37
249 211 93
294 211 94
297 211 27
213 212 80
214 212 57
218 212 72
222 212 14
233 212 7
241 212 2
242 212 12
247 212 64
253 212 78
254 212 75
255 212 81
256 212 14
293 212 67
295 212 74
307 212 93
309 212 22
310 212 46
325 212 41
214 213 12
222 213 98
226 213 21
243 213 76
247 213 75
249 213 95
250 213 8
254 213 41
255 213 13
256 213 81
262 213 33
281 213 35
286 213 26
293 213 25
295 213 28
309 213 14
310 213 77
325 213 5
215 214 34
222 214 87
226 214 9
233 214 41
241 214 27
247 214 22
252 214 73
253 214 59
254 214 8
255 214 50
256 214 35
261 214 35
262 214 16
274 214 12
280 214 91
281 214 9
282 214 60
286 214 2
293 214 30
295 214 52
296 214 97
297 214 68
309 214 42
310 214 65
321 214 50
325 214 37
216 215 50
217 215 29
218 215 62
221 215 13
227 215 19
228 215 22
229 215 72
242 215 72
248 215 4
250 215 75
258 215 69
261 215 71
280 215 16
286 215 33
287 215 72
297 215 52
305 215 12
217 216 81
218 216 33
221 216 13
223 216 49
225 216 55
227 216 29
229 216 81
242 216 27
248 216 32
261 216 44
268 216 90
271 216 30
280 216 46
286 216 59
289 216 60
291 216 77
292 216 42
297 216 11
300 216 13
301 216 9
302 216 10
304 216 15
218 217 12
223 217 36
225 217 50
228 217 6
234 217 98
242 217 62
248 217 66
250 217 7
258 217 28
261 217 36
262 217 15
289 217 97
292 217 48
297 217 30
302 217 81
304 217 69
322 217 26
223 218 87
225 218 79
228 218 3
242 218 67
248 218 99
258 218 80
261 218 69
272 218 72
289 218 37
292 218 6
297 218 93
220 219 55
224 219 23
232 219 67
236 219 60
288 219 67
301 219 47
311 219 64
224 220 86
288 220 79
301 220 18
308 220 53
225 221 14
229 221 81
235 221 95
248 221 31
258 221 85
261 221 24
262 221 63
297 221 1
305 221 34
226 222 81
233 222 28
243 222 49
247 222 95
248 222 28
252 222 82
253 222 49
255 222 31
256 222 55
262 222 16
274 222 50
281 222 14
293 222 40
295 222 72
296 222 6
309 222 75
323 222 22
325 222 15
225 223 44
227 223 58
242 223 11
248 223 12
258 223 59
280 223 76
292 223 51
231 224 93
235 224 41
237 224 61
238 224 68
240 224 37
244 224 88
246 224 76
251 224 32
260 224 45
263 224 39
265 224 95
266 224 3
285 224 66
227 225 9
228 225 59
242 225 4
248 225 63
250 225 25
258 225 1
261 225 99
284 225 75
289 225 74
292 225 38
294 225 24
297 225 30
301 225 37
302 225 72
233 226 89
247 226 20
249 226 91
252 226 17
253 226 55
254 226 83
255 226 4
256 226 90
262 226 57
280 226 87
281 226 43
293 226 4
295 226 56
296 226 20
309 226 96
310 226 51
325 226 62
228 227 1
229 227 14
234 227 90
242 227 88
247 227 8
248 227 45
258 227 95
286 227 27
294 227 92
297 227 45
298 227 40
302 227 51
305 227 99
229 228 25
242 228 59
248 228 72
250 228 4
258 228 2
261 228 16
265 228 43
289 228 53
292 228 66
294 228 45
297 228 86
242 229 7
248 229 47
258 229 11
261 229 23
297 229 90
241 230 23
249 230 99
262 230 33
270 230 31
271 230 6
274 230 31
235 231 65
237 231 47
238 231 39
240 231 20
244 231 18
246 231 96
260 231 73
263 231 8
265 231 11
266 231 73
276 231 23
285 231 28
311 231 24
324 231 96
286 232 60
247 233 26
252 233 57
253 233 32
255 233 69
281 233 43
282 233 84
293 233 74
295 233 2
325 233 7
257 234 53
260 234 71
264 234 67
267 234 75
268 234 6
275 234 96
279 234 99
280 234 47
286 234 69
290 234 2
291 234 65
292 234 99
297 234 96
298 234 56
302 234 76
304 234 4
311 234 39
312 234 96
315 234 99
240 235 29
244 235 79
245 235 25
251 235 84
260 235 7
263 235 80
276 235 22
283 235 54
285 235 78
311 235 44
237 236 25
238 236 49
240 236 28
244 236 88
246 236 30
251 236 5
263 236 16
276 236 60
283 236 81
285 236 99
238 237 89
245 237 63
246 237 4
251 237 77
260 237 44
263 237 60
266 237 92
276 237 55
283 237 40
285 237 43
239 238 31
244 238 90
246 238 60
249 238 45
251 238 94
260 238 88
265 238 88
266 238 53
276 238 32
283 238 42
301 238 93
316 238 74
260 239 19
245 240 75
251 240 75
260 240 94
263 240 18
265 240 66
276 240 54
283 240 49
285 240 90
311 240 55
252 241 13
254 241 13
256 241 9
262 241 95
295 241 14
325 241 36
243 242 80
248 242 65
250 242 18
258 242 21
261 242 37
271 242 69
280 242 32
286 242 12
292 242 4
294 242 74
297 242 34
250 243 14
252 243 67
254 243 24
256 243 9
284 243 54
286 243 52
293 243 84
295 243 80
296 243 93
325 243 21
245 244 84
246 244 57
251 244 80
260 244 25
263 244 73
266 244 4
276 244 87
283 244 39
285 244 22
311 244 10
246 245 97
263 245 96
265 245 33
285 245 9
260 246 57
263 246 7
265 246 83
266 246 82
276 246 93
285 246 12
295 246 31
311 246 52
249 247 95
252 247 82
254 247 4
255 247 76
256 247 74
281 247 67
286 247 58
293 247 77
295 247 61
296 247 24
325 247 29
250 248 7
252 248 90
258 248 91
261 248 62
286 248 17
292 248 17
294 248 28
295 248 74
297 248 93
302 248 41
312 248 50
325 248 21
252 249 22
254 249 46
255 249 18
256 249 10
262 249 9
281 249 45
295 249 93
309 249 30
310 249 30
255 250 18
258 250 21
261 250 93
284 250 35
294 250 30
296 250 1
297 250 79
260 251 11
263 251 35
265 251 22
266 251 84
276 251 17
285 251 82
254 252 83
255 252 60
256 252 23
293 252 93
254 253 3
255 253 40
293 253 21
295 253 90
325 253 9
255 254 98
256 254 17
262 254 32
271 254 51
281 254 19
286 254 62
295 254 89
325 254 60
256 255 40
262 255 44
267 255 64
268 255 90
275 255 13
286 255 47
293 255 40
295 255 31
309 255 9
310 255 28
311 255 42
314 255 33
262 256 51
286 256 66
296 256 78
302 256 30
325 256 29
264 257 40
267 257 64
268 257 76
271 257 67
272 257 37
275 257 44
277 257 76
279 257 69
280 257 92
284 257 78
286 257 86
287 257 69
290 257 7
291 257 15
298 257 70
299 257 24
300 257 23
302 257 96
304 257 55
313 257 99
314 257 35
315 257 36
261 258 66
297 258 76
305 258 58
313 259 49
318 259 20
263 260 32
265 260 99
266 260 57
276 260 82
285 260 9
301 260 55
311 260 40
316 260 31
289 261 38
292 261 13
297 261 78
301 261 68
302 261 48
305 261 31
264 262 29
286 262 17
293 262 71
295 262 47
296 262 36
302 262 93
310 262 100
322 262 45
325 262 20
265 263 30
266 263 2
276 263 65
283 263 60
285 263 36
311 263 1
316 263 63
267 264 51
271 264 86
272 264 50
275 264 32
277 264 72
279 264 67
280 264 86
284 264 13
286 264 73
287 264 3
289 264 82
290 264 97
291 264 51
292 264 3
298 264 89
299 264 67
300 264 16
302 264 48
304 264 46
306 264 44
312 264 67
320 264 16
321 264 83
266 265 79
276 265 91
283 265 40
288 265 26
301 265 36
311 265 36
276 266 50
283 266 76
311 266 47
268 267 89
271 267 46
272 267 47
275 267 96
279 267 67
280 267 26
284 267 13
286 267 63
287 267 14
289 267 62
290 267 8
291 267 50
292 267 37
295 267 70
298 267 52
299 267 28
302 267 27
304 267 44
314 267 17
318 267 69
271 268 6
272 268 29
275 268 8
284 268 28
286 268 80
287 268 87
290 268 6
291 268 75
292 268 4
298 268 75
300 268 47
302 268 81
304 268 58
314 268 66
315 268 89
321 268 79
274 269 91
282 269 92
313 269 1
278 270 85
304 270 50
317 270 31
320 270 60
322 270 83
272 271 63
275 271 34
277 271 23
279 271 22
280 271 27
284 271 7
286 271 23
287 271 5
289 271 65
290 271 27
291 271 55
292 271 27
298 271 4
300 271 8
302 271 26
304 271 48
306 271 36
310 271 99
312 271 75
315 271 49
275 272 12
277 272 100
279 272 29
284 272 10
286 272 74
291 272 78
299 272 35
300 272 58
302 272 3
303 272 65
304 272 34
319 273 20
282 274 88
313 274 63
277 275 84
279 275 54
280 275 98
284 275 60
287 275 48
289 275 15
291 275 27
292 275 71
298 275 2
300 275 12
302 275 35
304 275 84
312 275 98
321 275 75
301 276 11
311 276 89
279 277 57
280 277 24
284 277 6
286 277 68
289 277 22
291 277 26
300 277 26
304 277 87
300 278 33
317 278 14
320 278 49
322 278 28
280 279 16
284 279 21
286 279 56
287 279 4
289 279 52
290 279 19
291 279 91
292 279 8
298 279 38
299 279 100
300 279 70
302 279 28
304 279 83
312 279 9
314 279 92
321 279 52
281 280 20
284 280 35
286 280 2
287 280 63
289 280 38
290 280 13
291 280 58
292 280 16
293 280 33
295 280 28
297 280 55
298 280 4
300 280 64
302 280 10
304 280 90
312 280 34
315 280 60
319 280 31
321 280 75
296 281 66
302 281 33
309 281 28
310 281 39
325 281 87
313 282 56
286 284 7
287 284 85
289 284 19
290 284 37
291 284 39
292 284 86
295 284 93
296 284 60
297 284 45
298 284 53
299 284 34
300 284 15
304 284 11
306 284 27
312 284 88
314 284 66
325 284 60
300 285 13
287 286 46
290 286 7
291 286 42
292 286 46
295 286 35
298 286 18
299 286 59
300 286 84
302 286 52
304 286 22
305 286 28
306 286 28
312 286 72
315 286 50
291 287 81
292 287 25
298 287 73
299 287 88
300 287 75
302 287 4
304 287 66
314 287 74
292 289 12
297 289 69
298 289 44
300 289 13
302 289 87
291 290 83
292 290 40
298 290 57
299 290 27
300 290 4
302 290 95
304 290 38
306 290 34
312 290 49
315 290 9
292 291 73
298 291 53
299 291 19
300 291 76
302 291 47
304 291 56
312 291 9
315 291 48
295 292 92
297 292 29
298 292 4
300 292 38
302 292 27
304 292 54
315 292 93
295 293 76
325 293 85
297 294 70
296 295 39
310 295 100
325 295 67
325 296 28
298 297 86
302 297 16
305 297 73
316 297 40
299 298 35
300 298 31
302 298 96
304 298 65
306 298 63
312 298 92
314 298 50
315 298 59
300 299 37
304 299 14
306 299 20
312 299 63
302 300 13
304 300 35
306 300 22
309 300 8
312 300 32
321 300 53
323 301 43
325 301 68
304 302 91
309 302 80
310 302 59
315 302 76
322 303 13
306 304 8
312 304 53
315 304 76
321 304 87
310 309 67
325 309 74
325 310 44
316 311 34
315 312 4
319 313 79
319 316 12
320 317 80
322 317 22
322 320 94
